3 1 7
1 1 5
1 4 

54 544 54
32 2332 235
-0,0176188720973093 0,101013638039071 

43 54 54
23 23 32
1,92094861660079 -0,529644268774704 

3 1 70
1 1 50
10 40 

3 1 700
1 1 500
100 400 

3 1 7000
1 1 5000
1000 4000 

3 1 7
1 1 5
1 4 

3 1 7
0 0,666666666666667 2,66666666666667
1 4 

3 1 7
1 1 5
1 4 

3 1 7
1 1 5
1 4 

3 1 7
1 1 5
1 4 

43 231 43
43 23 23
0,48345259391771 0,0961538461538462 

43 231 43
38,7186147186147 0 18,7186147186147
0,48345259391771 0,0961538461538462 

43 231 43
38,7186147186147 0 18,7186147186147
0,48345259391771 0,0961538461538462 

43 231 43
38,7186147186147 0 18,7186147186147
0,48345259391771 0,0961538461538462 

43 231 43
38,7186147186147 0 18,7186147186147
0,48345259391771 0,0961538461538462 

43 231 43
38,7186147186147 0 18,7186147186147
0,48345259391771 0,0961538461538462 

43 231 43
38,7186147186147 0 18,7186147186147
0,48345259391771 0,0961538461538462 

43 231 43
38,7186147186147 0 18,7186147186147
0,48345259391771 0,0961538461538462 

43 231 43
38,7186147186147 0 18,7186147186147
0,48345259391771 0,0961538461538462 

43 231 43
38,7186147186147 0 18,7186147186147
0,48345259391771 0,0961538461538462 

43 231 43
38,7186147186147 0 18,7186147186147
0,48345259391771 0,0961538461538462 

43 231 43
38,7186147186147 0 18,7186147186147
0,48345259391771 0,0961538461538462 

43 231 43
38,7186147186147 0 18,7186147186147
0,48345259391771 0,0961538461538462 

43 231 43
38,7186147186147 0 18,7186147186147
0,48345259391771 0,0961538461538462 

43 231 43
38,7186147186147 0 18,7186147186147
0,48345259391771 0,0961538461538462 

43 231 43
38,7186147186147 0 18,7186147186147
0,48345259391771 0,0961538461538462 

43 231 43
38,7186147186147 0 18,7186147186147
0,48345259391771 0,0961538461538462 

43 231 43
38,7186147186147 0 18,7186147186147
0,48345259391771 0,0961538461538462 

43 231 43
38,7186147186147 0 18,7186147186147
0,48345259391771 0,0961538461538462 

43 231 43
38,7186147186147 0 18,7186147186147
0,48345259391771 0,0961538461538462 

43 231 43
38,7186147186147 0 18,7186147186147
0,48345259391771 0,0961538461538462 

43 231 43
38,7186147186147 0 18,7186147186147
0,48345259391771 0,0961538461538462 

43 231 43
38,7186147186147 0 18,7186147186147
0,48345259391771 0,0961538461538462 

43 231 43
38,7186147186147 0 18,7186147186147
0,48345259391771 0,0961538461538462 

43 231 43
38,7186147186147 0 18,7186147186147
0,48345259391771 0,0961538461538462 

43 231 43
38,7186147186147 0 18,7186147186147
0,48345259391771 0,0961538461538462 

43 231 43
38,7186147186147 0 18,7186147186147
0,48345259391771 0,0961538461538462 

43 231 43
38,7186147186147 0 18,7186147186147
0,48345259391771 0,0961538461538462 

43 231 43
38,7186147186147 0 18,7186147186147
0,48345259391771 0,0961538461538462 

43 231 43
38,7186147186147 0 18,7186147186147
0,48345259391771 0,0961538461538462 

43 231 43
38,7186147186147 0 18,7186147186147
0,48345259391771 0,0961538461538462 

43 231 43
38,7186147186147 0 18,7186147186147
0,48345259391771 0,0961538461538462 

43 231 43
38,7186147186147 0 18,7186147186147
0,48345259391771 0,0961538461538462 

43 231 43
38,7186147186147 0 18,7186147186147
0,48345259391771 0,0961538461538462 

43 231 43
38,7186147186147 0 18,7186147186147
0,48345259391771 0,0961538461538462 

43 231 43
38,7186147186147 0 18,7186147186147
0,48345259391771 0,0961538461538462 

43 231 43
38,7186147186147 0 18,7186147186147
0,48345259391771 0,0961538461538462 

43 231 43
38,7186147186147 0 18,7186147186147
0,48345259391771 0,0961538461538462 

43 231 43
38,7186147186147 0 18,7186147186147
0,48345259391771 0,0961538461538462 

43 231 43
38,7186147186147 0 18,7186147186147
0,48345259391771 0,0961538461538462 

43 231 43
38,7186147186147 0 18,7186147186147
0,48345259391771 0,0961538461538462 

43 231 43
38,7186147186147 0 18,7186147186147
0,48345259391771 0,0961538461538462 

43 231 43
38,7186147186147 0 18,7186147186147
0,48345259391771 0,0961538461538462 

43 231 43
43 23 23
0,48345259391771 0,0961538461538462 

43 231 43
43 23 23
0,48345259391771 0,0961538461538462 

43 231 43
43 23 23
0,48345259391771 0,0961538461538462 

43 231 43
43 23 23
0,48345259391771 0,0961538461538462 

43 231 43
43 23 23
0,48345259391771 0,0961538461538462 

43 231 43
43 23 23
0,48345259391771 0,0961538461538462 

43 231 43
43 23 23
0,48345259391771 0,0961538461538462 

43 231 43
43 23 23
0,48345259391771 0,0961538461538462 

43 231 43
43 23 23
0,48345259391771 0,0961538461538462 

43 231 43
38,7186147186147 0 18,7186147186147
0,48345259391771 0,0961538461538462 

43 231 43
43 23 23
0,48345259391771 0,0961538461538462 

43 231 43
43 23 23
0,48345259391771 0,0961538461538462 

1 5,37209302325581 0,48345259391771
0 1 0,0961538461538462
0,48345259391771 0,0961538461538462 

43 231 43
38,7186147186147 0 18,7186147186147
0,48345259391771 0,0961538461538462 

1 5,37209302325581 0,48345259391771
0 1 0,0961538461538462
0,48345259391771 0,0961538461538462 

43 231 43
38,7186147186147 0 18,7186147186147
0,48345259391771 0,0961538461538462 

1 5,37209302325581 0,48345259391771
0 1 0,0961538461538462
0,48345259391771 0,0961538461538462 

43 231 43
38,7186147186147 0 18,7186147186147
0,48345259391771 0,0961538461538462 

43 231 43
43 23 23
0,48345259391771 0,0961538461538462 

43 231 43
38,7186147186147 0 18,7186147186147
0,48345259391771 0,0961538461538462 

43 231 43
38,7186147186147 0 18,7186147186147
0,48345259391771 0,0961538461538462 

1 5,37209302325581 0,48345259391771
0 1 0,0961538461538462
0,48345259391771 0,0961538461538462 

43 231 43
43 23 23
0,48345259391771 0,0961538461538462 

43 231 43
38,7186147186147 0 18,7186147186147
0,48345259391771 0,0961538461538462 

43 231 43
38,7186147186147 0 18,7186147186147
0,48345259391771 0,0961538461538462 

1 5,37209302325581 0,48345259391771
0 1 0,0961538461538462
0,48345259391771 0,0961538461538462 

43 231 43
43 23 23
0,48345259391771 0,0961538461538462 

1 5,37209302325581 0,48345259391771
0 1 0,0961538461538462
0,48345259391771 0,0961538461538462 

43 231 43
38,7186147186147 0 18,7186147186147
0,48345259391771 0,0961538461538462 

1 5,37209302325581 0,48345259391771
0 1 0,0961538461538462
0,48345259391771 0,0961538461538462 

43 231 43
43 23 23
0,48345259391771 0,0961538461538462 

1 5,37209302325581 0,48345259391771
0 1 0,0961538461538462
0,48345259391771 0,0961538461538462 

43 231 43
38,7186147186147 0 18,7186147186147
0,48345259391771 0,0961538461538462 

43 231 43
43 23 23
0,48345259391771 0,0961538461538462 

3 1 7
1 1 5
1 4 

3 1 7
0 0,666666666666667 2,66666666666667
1 4 

3 1 7
0 0,666666666666667 2,66666666666667
1 4 

1 0,333333333333333 1
0 1 4
1 4 

3 1 7
1 1 5
1 4 

1 0,333333333333333 1
0 1 4
1 4 

3 1 7
0 0,666666666666667 2,66666666666667
1 4 

3 1 7
1 1 5
1 4 

3 1 1
1 1 4
1 4 

3 1 7
1 1 2,66666666666667
1 4 

3 1 7
1 1 5
1 4 

3 1 1
1 1 4
1 4 

3 1 1
1 1 4
1 4 

3 1 1
1 1 4
1 4 

3 1 1
1 1 4
1 4 

3 1 1
1 1 4
1 4 

3 1 1
1 1 4
1 4 

3 1 1
1 1 4
1 4 

3 1 7
1 1 2,66666666666667
1 4 

3 1 7
1 1 2,66666666666667
1 4 

3 1 7
1 1 2,66666666666667
1 4 

3 1 7
1 1 2,66666666666667
1 4 

3 1 7
1 1 2,66666666666667
1 4 

3 1 7
1 1 2,66666666666667
1 4 

3 1 7
1 1 2,66666666666667
1 4 

3 1 1
1 1 4
1 4 

3 1 7
1 1 2,66666666666667
1 4 

3 1 7
1 1 2,66666666666667
1 4 

3 1 1
1 1 4
1 4 

3 1 7
1 1 2,66666666666667
1 4 

3 1 7
1 1 5
1 4 

3 1 1
1 1 4
1 4 

3 1 7
1 1 2,66666666666667
1 4 

3 1 7
1 1 2,66666666666667
1 4 

3 1 1
1 1 4
1 4 

3 1 7
1 1 5
1 4 

3 1 1
1 1 4
1 4 

3 1 7
1 1 5
1 4 

3 1 7
1 1 5
1 4 

3 1 7
1 1 5
1 4 

3 1 7
1 1 5
1 4 

3 1 7
1 1 5
1 4 

3 1 7
1 1 5
1 4 

43000 2 43
3 4 12
0,00086049513355117 2,99935462864984 

2E+300 2 43
3 4 12
1,85E-299 3 

1E-36 2 43
3 4 12
-24,6666666666667 21,5 

0 2 43
3 4 12
-24,6666666666667 21,5 

2E-307 2 43
3 4 12
-24,6666666666667 21,5 

1,99999999999999E-310 2 43
3 4 12
-24,6666666666667 21,5 

0 2 43
3 4 12
-24,6666666666667 21,5 

0 2 43
3 4 12
-24,6666666666667 21,5 

0 2 43
3 4 12
-24,6666666666667 21,5 

0 2 43
3 4 12
-24,6666666666667 21,5 

0 2 43
3 4 12
-24,6666666666667 21,5 

3 5 6
2 0 6
3 -0,6 

0 5 6
2 0 6
3 1,2 

0 5 6
4 6 6
-0,3 1,2 

4 5 6
0 6 6
0,25 1 

4 0 6
0 6 6
1,5 1 

4 0 6
5 6 6
1,5 -0,25 

0 3 6
5 6 6
-1,2 2 

5 6 6
0 3 6
-1,2 2 

5 6 5
0 3 6
-1,4 2 

2 5 4
0 4 1
1,375 0,25 

2 5 4
0 4 1
1,375 0,25 

2 5 4
0 4 1
1,375 0,25 

3 1 7
1 1 5
1 4 

3 1 7
1 1 5
1 4 

3 1 7
1 1 5
1 4 

3 1 7
1 1 5
1 4 

3 1 7
1 1 5
1 4 

3 1 7
1 1 5
1 4 

3 1 7
1 1 5
1 4 

3 1 7
1 1 5
1 4 

3 1 7
1 1 5
1 4 

3 1 7
1 1 5
1 4 

3 1 7
1 1 5
1 4 

3 1 7
1 1 5
1 4 

3 2 432
132 421 5
182,044044044044 -57,0660660660661 

3 243 432
132 421 5
-5,86301236491091 1,85016064648038 

3 1 7
1 1 5
1 4 

3 1 7
1 1421 5
2,33270764899108 0,00187705302674801 

3 1 7
1 1 5
1 4 

3 1 7
1 1 5
1 4 

3 1 7
1 1 5
1 4 

3 1 7
1 1432 5
2,33271245634459 0,00186263096623981 

3 1432 7
1 1432 5
1 0,00279329608938548 

3532 3 7
1 1432 5
0,00197891542622801 0,00349023818755152 

3532 3 753
1 1432 5
0,213190818733996 0,0033427438416662 

3532 3 753
153 1432 5
0,213210041197343 -0,0192885030050234 

3532 323 753
153 1432 5
0,214974827315283 -0,0194770590637139 

3 1 7
1 1 6
0,5 5,5 

3 1 7
1 1 5
1 4 

3 13 7
153 11 5
-0,00613496932515337 0,539877300613497 

3 -13 7
153 11 5
0,0702274975272008 -0,522255192878338 

3 1 7
1 1 5
1 4 

32 -43 7
14 143 5
0,234839706450367 0,0119737350328312 

3 1 7
1 1 5
1 4 

-325 121 7
143 1324 5
-0,019354204507119 0,00586680607591996 

43 32 42
2 123 3
0,970334928229665 0,00861244019138756 

43 32 42
2 -123 3
0,983000186811134 -0,00840650102746124 

-43 32 42
2 -123 3
-1,00708133971292 -0,0407655502392344 

3 1 7
1 1 5
1 4 

23 43 532
45 23 32
-7,72403982930299 16,5035561877667 

8 6 5 21
3 3 2 10
4 2 3 8
0,25 2,75 0,5 

8 6 5 21
3 3 2 10
4 2 3 8
0,25 2,75 0,5 

8 6 5 21
3 3 2 10
4 2 3 8
0,25 2,75 0,5 

8 6 5 21
3 3 2 10
4 2 3 8
0,25 2,75 0,5 

8 6 5 21
3 3 2 10
4 2 3 8
0,25 2,75 0,5 

8 6 5 21
3 3 2 10
4 2 3 8
0,25 2,75 0,5 

8 6 5 21
3 3 2 10
4 2 3 8
0,25 2,75 0,5 

8 6 5 21
3 3 2 10
4 2 3 8
0,25 2,75 0,5 

8 6 5 21
3 3 2 10
4 2 3 8
0,25 2,75 0,5 

8 6 5 21
3 3 2 10
4 2 3 8
0,25 2,75 0,5 

8 6 5 21
3 3 2 10
4 2 3 8
0,25 2,75 0,5 

8 6 5 21
3 3 2 10
4 2 3 8
0,25 2,75 0,5 

8 6 5 21
3 3 2 10
4 2 3 8
0,25 2,75 0,5 

8 6 5 21
3 3 2 10
4 2 3 8
0,25 2,75 0,5 

8 6 5 21
3 3 2 10
4 2 3 8
0,25 2,75 0,5 

8 6 5 21
3 3 2 10
4 2 3 8
0,25 2,75 0,5 

8 6 5 21
3 3 2 10
4 2 3 8
0,25 2,75 0,5 

8 6 5 21
3 3 2 10
4 2 3 8
0,25 2,75 0,5 

8 6 5 21
3 3 2 10
4 2 3 8
0,25 2,75 0,5 

8 6 5 21
3 3 2 10
4 2 3 8
0,25 2,75 0,5 

8 6 5 21
3 3 2 10
4 2 3 8
0,25 2,75 0,5 

8 6 5 21
3 3 2 10
4 2 3 8
0,25 2,75 0,5 

8 6 5 21
3 3 2 10
4 2 3 8
0,25 2,75 0,5 

8 6 5 21
3 3 2 10
4 2 3 8
0,25 2,75 0,5 

8 6 5 21
3 3 2 10
4 2 3 8
0,25 2,75 0,5 

8 6 5 21
3 3 2 10
4 2 3 8
0,25 2,75 0,5 

8 6 5 21
3 3 2 10
4 2 3 8
0,25 2,75 0,5 

8 6 5 21
3 3 2 10
4 2 3 8
0,25 2,75 0,5 

8 6 5 21
3 3 2 10
4 2 3 8
0,25 2,75 0,5 

8 6 5 21
3 3 2 10
4 2 3 8
0,25 2,75 0,5 

8 6 5 21
3 3 2 10
4 2 3 8
0,25 2,75 0,5 

8 6 5 21
3 3 2 10
4 2 3 8
0,25 2,75 0,5 

8 6 5 21
3 3 2 10
4 2 3 8
0,25 2,75 0,5 

8 6 5 21
3 3 2 10
4 2 3 8
0,25 2,75 0,5 

8 6 5 21
3 3 2 10
4 2 3 8
0,25 2,75 0,5 

8 6 5 21
3 3 2 10
4 2 3 8
0,25 2,75 0,5 

8 6 5 21
3 3 2 10
4 2 3 8
0,25 2,75 0,5 

8 6 5 21
3 3 2 10
4 2 3 8
0,25 2,75 0,5 

8 6 5 21
3 3 2 10
4 2 3 8
0,25 2,75 0,5 

8 6 5 21
3 3 2 10
4 2 3 8
0,25 2,75 0,5 

8 6 5 21
3 3 2 10
4 2 3 8
0,25 2,75 0,5 

8 6 5 21
3 3 2 10
4 2 3 8
0,25 2,75 0,5 

8 6 5 21
3 3 2 10
4 2 3 8
0,25 2,75 0,5 

8 6 5 21
3 3 2 10
4 2 3 8
0,25 2,75 0,5 

8 6 5 21
3 3 2 10
4 2 3 8
0,25 2,75 0,5 

8 6 5 21
3 3 2 10
4 2 3 8
0,25 2,75 0,5 

8 6 5 21
3 3 2 10
4 2 3 8
0,25 2,75 0,5 

8 6 5 21
3 3 2 10
4 2 3 8
0,25 2,75 0,5 

8 6 5 21
3 3 2 10
4 2 3 8
0,25 2,75 0,5 

8 6 5 21
3 3 2 10
4 2 3 8
0,25 2,75 0,5 

8 6 5 21
3 3 2 10
4 2 3 8
0,25 2,75 0,5 

8 6 5 21
3 3 2 10
4 2 3 8
0,25 2,75 0,5 

8 6 5 21
3 3 2 10
4 2 3 8
0,25 2,75 0,5 

8 6 5 21
3 3 2 10
4 2 3 8
0,25 2,75 0,5 

8 6 5 21
3 3 2 10
4 2 3 8
0,25 2,75 0,5 

8 6 5 21
3 3 2 10
4 2 3 8
0,25 2,75 0,5 

8 6 5 21
3 3 2 10
4 2 3 8
0,25 2,75 0,5 

8 6 5 21
3 3 2 10
4 2 3 8
0,25 2,75 0,5 

8 6 5 21
3 3 2 10
4 2 3 8
0,25 2,75 0,5 

8 6 5 21
3 3 2 10
4 2 3 8
0,25 2,75 0,5 

8 6 5 21
3 3 2 10
4 2 3 8
0,25 2,75 0,5 

8 6 5 21
3 3 2 10
4 2 3 8
0,25 2,75 0,5 

8 6 5 21
3 3 2 10
4 2 3 8
0,25 2,75 0,5 

8 6 5 21
3 3 2 10
4 2 3 8
0,25 2,75 0,5 

8 6 5 21
3 3 2 10
4 2 3 8
0,25 2,75 0,5 

8 6 5 21
3 3 2 10
4 2 3 8
0,25 2,75 0,5 

8 6 5 21
3 3 2 10
4 2 3 8
0,25 2,75 0,5 

8 6 5 21
3 3 2 10
4 2 3 8
0,25 2,75 0,5 

8 6 5 21
3 3 2 10
4 2 3 8
0,25 2,75 0,5 

8,6 6 5 21
3 3 2 10
4 2 3 8
0,142857142857141 2,77142857142857 0,62857142857143 

8,6 6 5 21
3 3 2,3 10
4,7 2 3 8
0,341463414634145 2,77682926829268 0,28048780487805 

8,6 6 5 21
3 3 2,3 10
4,7 2 3 8
0,341463414634146 2,77682926829268 0,280487804878047 

8,6 6 5 21
3 3 2,3 10
4,7 2 3 8
0,341463414634146 2,77682926829268 0,280487804878047 

8,6 6 5 21
3 3 2,3 10
4,7 2 3 8
0,341463414634145 2,77682926829268 0,28048780487805 

8,6 6 5 21
3 3 2,3 10
4,7 2 3 8
0,341463414634146 2,77682926829268 0,280487804878049 

8,6 6 5 21
3 3 2,3 10
4,7 2 3 8
0,341463414634145 2,77682926829268 0,28048780487805 

8,6 6 5 21
3 3 2,3 10
4,7 2 3 8
0,341463414634146 2,77682926829268 0,280487804878049 

8,6 6 5 21
3 3 2,3 10
4,7 2 3 8
0,341463414634146 2,77682926829268 0,280487804878049 

8,6 6 5 21
3 3 2,3 10
4,7 2 3 8
0,341463414634146 2,77682926829268 0,280487804878047 

8,6 6 5 21
3 3 2,3 10
4,7 2 3 8
0,341463414634145 2,77682926829268 0,28048780487805 

8,6 6 5 21
3 3 2,3 10
4,7 2 3 8
0,341463414634145 2,77682926829268 0,28048780487805 

8,6 6 5 21
3 3 2,3 10
4,7 2 3 8
0,341463414634146 2,77682926829268 0,280487804878049 

8,6 6 5 21
3 3 2,3 10
4,7 2 3 8
0,341463414634146 2,77682926829268 0,280487804878049 

8,6 6 5 21
3 3 2,3 10
4,7 2 3 8
0,341463414634146 2,77682926829268 0,280487804878049 

3 1 7
1 1 5
1 4 

3 1 7
1 1 5
1 4 

3 1 7
1 132 5
2,32658227848101 0,020253164556962 

3 1 7
1 1 5
1 4 

5 43 65
4 54 314
-101,959183673469 13,3673469387755 

0 643 21 54 32 75 23 45 98 324
0 23 643 23 643 45 5 87 23 65
0 64 65 643 32 12 23 64 54 3
0 32 43 6523 463 43 5 232 23 64
0 463 574 23 32 89 34 64 45 23
65 12 234 65 643 87 653 23 653 564
1243 325 564 32 32 546 67 546 235 4
12 463213 32 65 56 865 4 87 21 634
543 12 547 23 76 87 875 45 4325 325
-1,53291854907262 -0,00627162048999762 -0,624912484478717 -0,041968977823355 0,444451378747295 4,11426767860952 0,00622464300805033 -0,102502804960554 0,256113044591784 

629,297 614,089 429,633 339,47 607,792 65,975
221,555 234,675 225,719 485,92 353,453 937,682
719,828 346,119 64,155 800,424 225,693 777,31
878,009 794,103 509,301 986,262 624,545 932,066
781,685 179,424 988,629 646,034 191,594 740,541
-0,904 -1,482 0,143 2,048 1,296 

System:
+ (186,431)x1 + (478,412)x2 + (119,584)x3 + (244,732)x4 = 689,314
+ (295,691)x1 + (830,022)x2 + (9,976)x3 + (403,901)x4 = 849,778
+ (141,242)x1 + (674,807)x2 + (783,601)x3 + (393,216)x4 = 660,442
+ (602,78)x1 + (248,464)x2 + (578,799)x3 + (178,107)x4 = 230,922

Solutions:
x1 = -1,62
x2 = -49,451
x3 = -9,038
x4 = 105,136


